2025-09-28 20:23:35
Calculation of atomic orbitals for a central potential
Solving Schrodinger eq. by variable sptep-size Numerov method
S. del Rio potential
Z	A	a1	a2	L	E(a.u.)	  r_max(a.u.)	N. points
25	0.616	1.63	8.734	1	-21.4253	  1.0667		300
Normalised radial wavefunction P(r)
 Format r(i), P(i) with r(i)=1.18522e-05*i^2
 1.185222e-05  -6.406230e-04
 4.740889e-05  -2.798709e-04
 1.066700e-04  -1.218931e-04
 1.896356e-04  -5.512772e-05
 2.963056e-04  -5.435371e-06
 4.266800e-04   5.204930e-05
 5.807589e-04   1.319340e-04
 7.585422e-04   2.466674e-04
 9.600300e-04   4.087417e-04
 1.185222e-03   6.314078e-04
 1.434119e-03   9.289219e-04
 1.706720e-03   1.316618e-03
 2.003026e-03   1.810903e-03
 2.323036e-03   2.429221e-03
 2.666750e-03   3.189989e-03
 3.034169e-03   4.112528e-03
 3.425292e-03   5.216981e-03
 3.840120e-03   6.524228e-03
 4.278652e-03   8.055794e-03
 4.740889e-03   9.833752e-03
 5.226830e-03   1.188063e-02
 5.736476e-03   1.421930e-02
 6.269826e-03   1.687289e-02
 6.826880e-03   1.986468e-02
 7.407639e-03   2.321797e-02
 8.012102e-03   2.695602e-02
 8.640270e-03   3.110190e-02
 9.292142e-03   3.567844e-02
 9.967719e-03   4.070807e-02
 1.066700e-02   4.621275e-02
 1.138999e-02   5.221387e-02
 1.213668e-02   5.873216e-02
 1.290707e-02   6.578756e-02
 1.370117e-02   7.339919e-02
 1.451897e-02   8.158519e-02
 1.536048e-02   9.036270e-02
 1.622569e-02   9.974775e-02
 1.711461e-02   1.097552e-01
 1.802723e-02   1.203986e-01
 1.896356e-02   1.316902e-01
 1.992359e-02   1.436410e-01
 2.090732e-02   1.562605e-01
 2.191476e-02   1.695565e-01
 2.294590e-02   1.835356e-01
 2.400075e-02   1.982027e-01
 2.507930e-02   2.135610e-01
 2.618156e-02   2.296122e-01
 2.730752e-02   2.463563e-01
 2.845719e-02   2.637918e-01
 2.963056e-02   2.819153e-01
 3.082763e-02   3.007217e-01
 3.204841e-02   3.202046e-01
 3.329289e-02   3.403554e-01
 3.456108e-02   3.611643e-01
 3.585297e-02   3.826197e-01
 3.716857e-02   4.047084e-01
 3.850787e-02   4.274154e-01
 3.987088e-02   4.507246e-01
 4.125759e-02   4.746181e-01
 4.266800e-02   4.990765e-01
 4.410212e-02   5.240792e-01
 4.555994e-02   5.496040e-01
 4.704147e-02   5.756275e-01
 4.854670e-02   6.021251e-01
 5.007564e-02   6.290709e-01
 5.162828e-02   6.564380e-01
 5.320463e-02   6.841984e-01
 5.480468e-02   7.123229e-01
 5.642843e-02   7.407818e-01
 5.807589e-02   7.695441e-01
 5.974705e-02   7.985784e-01
 6.144192e-02   8.278525e-01
 6.316049e-02   8.573334e-01
 6.490277e-02   8.869878e-01
 6.666875e-02   9.167819e-01
 6.845844e-02   9.466815e-01
 7.027183e-02   9.766520e-01
 7.210892e-02   1.006659e+00
 7.396972e-02   1.036667e+00
 7.585422e-02   1.066641e+00
 7.776243e-02   1.096547e+00
 7.969434e-02   1.126350e+00
 8.164996e-02   1.156014e+00
 8.362928e-02   1.185507e+00
 8.563231e-02   1.214792e+00
 8.765904e-02   1.243837e+00
 8.970947e-02   1.272609e+00
 9.178361e-02   1.301074e+00
 9.388145e-02   1.329200e+00
 9.600300e-02   1.356955e+00
 9.814825e-02   1.384310e+00
 1.003172e-01   1.411232e+00
 1.025099e-01   1.437694e+00
 1.047262e-01   1.463666e+00
 1.069663e-01   1.489120e+00
 1.092301e-01   1.514030e+00
 1.115176e-01   1.538370e+00
 1.138287e-01   1.562115e+00
 1.161636e-01   1.585242e+00
 1.185222e-01   1.607726e+00
 1.209045e-01   1.629547e+00
 1.233105e-01   1.650685e+00
 1.257402e-01   1.671119e+00
 1.281936e-01   1.690831e+00
 1.306708e-01   1.709804e+00
 1.331716e-01   1.728023e+00
 1.356961e-01   1.745471e+00
 1.382443e-01   1.762137e+00
 1.408163e-01   1.778007e+00
 1.434119e-01   1.793070e+00
 1.460312e-01   1.807316e+00
 1.486743e-01   1.820736e+00
 1.513410e-01   1.833323e+00
 1.540315e-01   1.845071e+00
 1.567456e-01   1.855973e+00
 1.594835e-01   1.866026e+00
 1.622451e-01   1.875226e+00
 1.650303e-01   1.883573e+00
 1.678393e-01   1.891065e+00
 1.706720e-01   1.897702e+00
 1.735284e-01   1.903485e+00
 1.764085e-01   1.908418e+00
 1.793123e-01   1.912504e+00
 1.822398e-01   1.915746e+00
 1.851910e-01   1.918151e+00
 1.881659e-01   1.919725e+00
 1.911645e-01   1.920475e+00
 1.941868e-01   1.920408e+00
 1.972328e-01   1.919535e+00
 2.003026e-01   1.917864e+00
 2.033960e-01   1.915406e+00
 2.065131e-01   1.912173e+00
 2.096540e-01   1.908176e+00
 2.128185e-01   1.903428e+00
 2.160067e-01   1.897942e+00
 2.192187e-01   1.891733e+00
 2.224544e-01   1.884814e+00
 2.257137e-01   1.877201e+00
 2.289968e-01   1.868909e+00
 2.323036e-01   1.859954e+00
 2.356340e-01   1.850353e+00
 2.389882e-01   1.840122e+00
 2.423661e-01   1.829279e+00
 2.457677e-01   1.817841e+00
 2.491930e-01   1.805826e+00
 2.526420e-01   1.793252e+00
 2.561147e-01   1.780137e+00
 2.596111e-01   1.766500e+00
 2.631312e-01   1.752359e+00
 2.666750e-01   1.737735e+00
 2.702425e-01   1.722644e+00
 2.738337e-01   1.707107e+00
 2.774487e-01   1.691143e+00
 2.810873e-01   1.674770e+00
 2.847496e-01   1.658009e+00
 2.884357e-01   1.640877e+00
 2.921454e-01   1.623395e+00
 2.958789e-01   1.605580e+00
 2.996360e-01   1.587453e+00
 3.034169e-01   1.569032e+00
 3.072215e-01   1.550335e+00
 3.110497e-01   1.531381e+00
 3.149017e-01   1.512189e+00
 3.187774e-01   1.492776e+00
 3.226768e-01   1.473160e+00
 3.265998e-01   1.453360e+00
 3.305466e-01   1.433392e+00
 3.345171e-01   1.413274e+00
 3.385113e-01   1.393022e+00
 3.425292e-01   1.372654e+00
 3.465708e-01   1.352185e+00
 3.506361e-01   1.331631e+00
 3.547252e-01   1.311009e+00
 3.588379e-01   1.290333e+00
 3.629743e-01   1.269618e+00
 3.671344e-01   1.248880e+00
 3.713183e-01   1.228131e+00
 3.755258e-01   1.207387e+00
 3.797571e-01   1.186660e+00
 3.840120e-01   1.165964e+00
 3.882907e-01   1.145312e+00
 3.925930e-01   1.124715e+00
 3.969191e-01   1.104186e+00
 4.012688e-01   1.083736e+00
 4.056423e-01   1.063377e+00
 4.100395e-01   1.043119e+00
 4.144604e-01   1.022972e+00
 4.189049e-01   1.002947e+00
 4.233732e-01   9.830534e-01
 4.278652e-01   9.632998e-01
 4.323809e-01   9.436953e-01
 4.369203e-01   9.242483e-01
 4.414834e-01   9.049667e-01
 4.460702e-01   8.858581e-01
 4.506808e-01   8.669297e-01
 4.553150e-01   8.481885e-01
 4.599729e-01   8.296409e-01
 4.646545e-01   8.112929e-01
 4.693599e-01   7.931503e-01
 4.740889e-01   7.752184e-01
 4.788416e-01   7.575024e-01
 4.836181e-01   7.400068e-01
 4.884182e-01   7.227361e-01
 4.932421e-01   7.056941e-01
 4.980896e-01   6.888845e-01
 5.029609e-01   6.723107e-01
 5.078559e-01   6.559758e-01
 5.127745e-01   6.398824e-01
 5.177169e-01   6.240329e-01
 5.226830e-01   6.084296e-01
 5.276728e-01   5.930742e-01
 5.326863e-01   5.779684e-01
 5.377235e-01   5.631133e-01
 5.427844e-01   5.485102e-01
 5.478690e-01   5.341596e-01
 5.529773e-01   5.200623e-01
 5.581093e-01   5.062186e-01
 5.632650e-01   4.926284e-01
 5.684444e-01   4.792917e-01
 5.736476e-01   4.662081e-01
 5.788744e-01   4.533771e-01
 5.841249e-01   4.407979e-01
 5.893992e-01   4.284697e-01
 5.946971e-01   4.163911e-01
 6.000188e-01   4.045611e-01
 6.053641e-01   3.929782e-01
 6.107332e-01   3.816407e-01
 6.161259e-01   3.705469e-01
 6.215424e-01   3.596948e-01
 6.269826e-01   3.490826e-01
 6.324464e-01   3.387079e-01
 6.379340e-01   3.285687e-01
 6.434453e-01   3.186623e-01
 6.489803e-01   3.089864e-01
 6.545390e-01   2.995384e-01
 6.601214e-01   2.903156e-01
 6.657275e-01   2.813153e-01
 6.713573e-01   2.725345e-01
 6.770108e-01   2.639703e-01
 6.826880e-01   2.556198e-01
 6.883889e-01   2.474800e-01
 6.941135e-01   2.395476e-01
 6.998619e-01   2.318197e-01
 7.056339e-01   2.242929e-01
 7.114296e-01   2.169640e-01
 7.172491e-01   2.098297e-01
 7.230922e-01   2.028868e-01
 7.289591e-01   1.961319e-01
 7.348496e-01   1.895617e-01
 7.407639e-01   1.831727e-01
 7.467019e-01   1.769617e-01
 7.526635e-01   1.709252e-01
 7.586489e-01   1.650598e-01
 7.646580e-01   1.593622e-01
 7.706907e-01   1.538289e-01
 7.767472e-01   1.484566e-01
 7.828274e-01   1.432419e-01
 7.889313e-01   1.381813e-01
 7.950589e-01   1.332717e-01
 8.012102e-01   1.285096e-01
 8.073852e-01   1.238918e-01
 8.135839e-01   1.194148e-01
 8.198064e-01   1.150756e-01
 8.260525e-01   1.108709e-01
 8.323223e-01   1.067973e-01
 8.386158e-01   1.028519e-01
 8.449331e-01   9.903136e-02
 8.512740e-01   9.533267e-02
 8.576387e-01   9.175273e-02
 8.640270e-01   8.828853e-02
 8.704391e-01   8.493705e-02
 8.768748e-01   8.169536e-02
 8.833343e-01   7.856054e-02
 8.898174e-01   7.552972e-02
 8.963243e-01   7.260008e-02
 9.028549e-01   6.976884e-02
 9.094092e-01   6.703325e-02
 9.159871e-01   6.439063e-02
 9.225888e-01   6.183832e-02
 9.292142e-01   5.937374e-02
 9.358633e-01   5.699432e-02
 9.425361e-01   5.469756e-02
 9.492326e-01   5.248100e-02
 9.559528e-01   5.034222e-02
 9.626967e-01   4.827886e-02
 9.694644e-01   4.628859e-02
 9.762557e-01   4.436915e-02
 9.830707e-01   4.251830e-02
 9.899095e-01   4.073387e-02
 9.967719e-01   3.901372e-02
 1.003658e+00   3.735576e-02
 1.010568e+00   3.575794e-02
 1.017501e+00   3.421828e-02
 1.024459e+00   3.273481e-02
 1.031440e+00   3.130561e-02
 1.038444e+00   2.992884e-02
 1.045473e+00   2.860264e-02
 1.052525e+00   2.732526e-02
 1.059601e+00   2.609493e-02
 1.066700e+00   2.490995e-02
