2025-09-28 20:23:58
Calculation of atomic orbitals for a central potential
Solving Schrodinger eq. by variable sptep-size Numerov method
Green-Sellin-Zachor potential
Z	N	H	D	L	E(a.u.)	  r_max(a.u.)	N. points
25	25	3.087	0.866	1	-24.8389	  1.0667		300
Normalised radial wavefunction P(r)
 Format r(i), P(i) with r(i)=1.18522e-05*i^2
 1.185222e-05   2.302207e-03
 4.740889e-05   1.010485e-03
 1.066700e-04   4.625533e-04
 1.896356e-04   2.756789e-04
 2.963056e-04   2.087394e-04
 4.266800e-04   2.046940e-04
 5.807589e-04   2.502414e-04
 7.585422e-04   3.465430e-04
 9.600300e-04   5.011016e-04
 1.185222e-03   7.249556e-04
 1.434119e-03   1.031528e-03
 1.706720e-03   1.436077e-03
 2.003026e-03   1.955392e-03
 2.323036e-03   2.607592e-03
 2.666750e-03   3.411979e-03
 3.034169e-03   4.388911e-03
 3.425292e-03   5.559690e-03
 3.840120e-03   6.946452e-03
 4.278652e-03   8.572054e-03
 4.740889e-03   1.045997e-02
 5.226830e-03   1.263420e-02
 5.736476e-03   1.511911e-02
 6.269826e-03   1.793938e-02
 6.826880e-03   2.111986e-02
 7.407639e-03   2.468545e-02
 8.012102e-03   2.866103e-02
 8.640270e-03   3.307131e-02
 9.292142e-03   3.794071e-02
 9.967719e-03   4.329328e-02
 1.066700e-02   4.915260e-02
 1.138999e-02   5.554163e-02
 1.213668e-02   6.248264e-02
 1.290707e-02   6.999708e-02
 1.370117e-02   7.810552e-02
 1.451897e-02   8.682753e-02
 1.536048e-02   9.618156e-02
 1.622569e-02   1.061849e-01
 1.711461e-02   1.168536e-01
 1.802723e-02   1.282024e-01
 1.896356e-02   1.402446e-01
 1.992359e-02   1.529919e-01
 2.090732e-02   1.664546e-01
 2.191476e-02   1.806414e-01
 2.294590e-02   1.955593e-01
 2.400075e-02   2.112136e-01
 2.507930e-02   2.276079e-01
 2.618156e-02   2.447440e-01
 2.730752e-02   2.626219e-01
 2.845719e-02   2.812399e-01
 2.963056e-02   3.005944e-01
 3.082763e-02   3.206798e-01
 3.204841e-02   3.414889e-01
 3.329289e-02   3.630125e-01
 3.456108e-02   3.852397e-01
 3.585297e-02   4.081578e-01
 3.716857e-02   4.317523e-01
 3.850787e-02   4.560067e-01
 3.987088e-02   4.809032e-01
 4.125759e-02   5.064221e-01
 4.266800e-02   5.325420e-01
 4.410212e-02   5.592400e-01
 4.555994e-02   5.864917e-01
 4.704147e-02   6.142711e-01
 4.854670e-02   6.425510e-01
 5.007564e-02   6.713027e-01
 5.162828e-02   7.004963e-01
 5.320463e-02   7.301005e-01
 5.480468e-02   7.600832e-01
 5.642843e-02   7.904111e-01
 5.807589e-02   8.210498e-01
 5.974705e-02   8.519643e-01
 6.144192e-02   8.831185e-01
 6.316049e-02   9.144759e-01
 6.490277e-02   9.459992e-01
 6.666875e-02   9.776506e-01
 6.845844e-02   1.009392e+00
 7.027183e-02   1.041184e+00
 7.210892e-02   1.072990e+00
 7.396972e-02   1.104768e+00
 7.585422e-02   1.136481e+00
 7.776243e-02   1.168089e+00
 7.969434e-02   1.199554e+00
 8.164996e-02   1.230836e+00
 8.362928e-02   1.261897e+00
 8.563231e-02   1.292699e+00
 8.765904e-02   1.323205e+00
 8.970947e-02   1.353376e+00
 9.178361e-02   1.383176e+00
 9.388145e-02   1.412570e+00
 9.600300e-02   1.441521e+00
 9.814825e-02   1.469996e+00
 1.003172e-01   1.497961e+00
 1.025099e-01   1.525383e+00
 1.047262e-01   1.552231e+00
 1.069663e-01   1.578473e+00
 1.092301e-01   1.604081e+00
 1.115176e-01   1.629025e+00
 1.138287e-01   1.653278e+00
 1.161636e-01   1.676815e+00
 1.185222e-01   1.699611e+00
 1.209045e-01   1.721641e+00
 1.233105e-01   1.742884e+00
 1.257402e-01   1.763319e+00
 1.281936e-01   1.782927e+00
 1.306708e-01   1.801688e+00
 1.331716e-01   1.819587e+00
 1.356961e-01   1.836608e+00
 1.382443e-01   1.852737e+00
 1.408163e-01   1.867962e+00
 1.434119e-01   1.882272e+00
 1.460312e-01   1.895656e+00
 1.486743e-01   1.908108e+00
 1.513410e-01   1.919619e+00
 1.540315e-01   1.930184e+00
 1.567456e-01   1.939800e+00
 1.594835e-01   1.948463e+00
 1.622451e-01   1.956173e+00
 1.650303e-01   1.962929e+00
 1.678393e-01   1.968733e+00
 1.706720e-01   1.973587e+00
 1.735284e-01   1.977494e+00
 1.764085e-01   1.980461e+00
 1.793123e-01   1.982492e+00
 1.822398e-01   1.983596e+00
 1.851910e-01   1.983781e+00
 1.881659e-01   1.983056e+00
 1.911645e-01   1.981433e+00
 1.941868e-01   1.978921e+00
 1.972328e-01   1.975535e+00
 2.003026e-01   1.971287e+00
 2.033960e-01   1.966192e+00
 2.065131e-01   1.960265e+00
 2.096540e-01   1.953521e+00
 2.128185e-01   1.945978e+00
 2.160067e-01   1.937653e+00
 2.192187e-01   1.928564e+00
 2.224544e-01   1.918729e+00
 2.257137e-01   1.908168e+00
 2.289968e-01   1.896900e+00
 2.323036e-01   1.884946e+00
 2.356340e-01   1.872326e+00
 2.389882e-01   1.859061e+00
 2.423661e-01   1.845173e+00
 2.457677e-01   1.830683e+00
 2.491930e-01   1.815613e+00
 2.526420e-01   1.799986e+00
 2.561147e-01   1.783823e+00
 2.596111e-01   1.767148e+00
 2.631312e-01   1.749982e+00
 2.666750e-01   1.732349e+00
 2.702425e-01   1.714271e+00
 2.738337e-01   1.695771e+00
 2.774487e-01   1.676872e+00
 2.810873e-01   1.657596e+00
 2.847496e-01   1.637965e+00
 2.884357e-01   1.618002e+00
 2.921454e-01   1.597729e+00
 2.958789e-01   1.577169e+00
 2.996360e-01   1.556342e+00
 3.034169e-01   1.535271e+00
 3.072215e-01   1.513977e+00
 3.110497e-01   1.492480e+00
 3.149017e-01   1.470801e+00
 3.187774e-01   1.448962e+00
 3.226768e-01   1.426981e+00
 3.265998e-01   1.404878e+00
 3.305466e-01   1.382673e+00
 3.345171e-01   1.360384e+00
 3.385113e-01   1.338030e+00
 3.425292e-01   1.315629e+00
 3.465708e-01   1.293197e+00
 3.506361e-01   1.270754e+00
 3.547252e-01   1.248314e+00
 3.588379e-01   1.225894e+00
 3.629743e-01   1.203509e+00
 3.671344e-01   1.181176e+00
 3.713183e-01   1.158908e+00
 3.755258e-01   1.136720e+00
 3.797571e-01   1.114625e+00
 3.840120e-01   1.092637e+00
 3.882907e-01   1.070768e+00
 3.925930e-01   1.049031e+00
 3.969191e-01   1.027437e+00
 4.012688e-01   1.005997e+00
 4.056423e-01   9.847215e-01
 4.100395e-01   9.636217e-01
 4.144604e-01   9.427067e-01
 4.189049e-01   9.219857e-01
 4.233732e-01   9.014675e-01
 4.278652e-01   8.811602e-01
 4.323809e-01   8.610717e-01
 4.369203e-01   8.412092e-01
 4.414834e-01   8.215796e-01
 4.460702e-01   8.021892e-01
 4.506808e-01   7.830439e-01
 4.553150e-01   7.641493e-01
 4.599729e-01   7.455105e-01
 4.646545e-01   7.271320e-01
 4.693599e-01   7.090181e-01
 4.740889e-01   6.911726e-01
 4.788416e-01   6.735990e-01
 4.836181e-01   6.563004e-01
 4.884182e-01   6.392794e-01
 4.932421e-01   6.225384e-01
 4.980896e-01   6.060794e-01
 5.029609e-01   5.899039e-01
 5.078559e-01   5.740134e-01
 5.127745e-01   5.584088e-01
 5.177169e-01   5.430908e-01
 5.226830e-01   5.280598e-01
 5.276728e-01   5.133159e-01
 5.326863e-01   4.988589e-01
 5.377235e-01   4.846885e-01
 5.427844e-01   4.708039e-01
 5.478690e-01   4.572042e-01
 5.529773e-01   4.438883e-01
 5.581093e-01   4.308548e-01
 5.632650e-01   4.181021e-01
 5.684444e-01   4.056283e-01
 5.736476e-01   3.934317e-01
 5.788744e-01   3.815099e-01
 5.841249e-01   3.698606e-01
 5.893992e-01   3.584814e-01
 5.946971e-01   3.473697e-01
 6.000188e-01   3.365226e-01
 6.053641e-01   3.259372e-01
 6.107332e-01   3.156106e-01
 6.161259e-01   3.055394e-01
 6.215424e-01   2.957206e-01
 6.269826e-01   2.861507e-01
 6.324464e-01   2.768263e-01
 6.379340e-01   2.677438e-01
 6.434453e-01   2.588997e-01
 6.489803e-01   2.502902e-01
 6.545390e-01   2.419117e-01
 6.601214e-01   2.337603e-01
 6.657275e-01   2.258322e-01
 6.713573e-01   2.181236e-01
 6.770108e-01   2.106305e-01
 6.826880e-01   2.033490e-01
 6.883889e-01   1.962751e-01
 6.941135e-01   1.894049e-01
 6.998619e-01   1.827343e-01
 7.056339e-01   1.762593e-01
 7.114296e-01   1.699761e-01
 7.172491e-01   1.638805e-01
 7.230922e-01   1.579685e-01
 7.289591e-01   1.522363e-01
 7.348496e-01   1.466798e-01
 7.407639e-01   1.412950e-01
 7.467019e-01   1.360782e-01
 7.526635e-01   1.310253e-01
 7.586489e-01   1.261324e-01
 7.646580e-01   1.213959e-01
 7.706907e-01   1.168117e-01
 7.767472e-01   1.123763e-01
 7.828274e-01   1.080858e-01
 7.889313e-01   1.039366e-01
 7.950589e-01   9.992509e-02
 8.012102e-01   9.604757e-02
 8.073852e-01   9.230055e-02
 8.135839e-01   8.868052e-02
 8.198064e-01   8.518405e-02
 8.260525e-01   8.180773e-02
 8.323223e-01   7.854823e-02
 8.386158e-01   7.540225e-02
 8.449331e-01   7.236656e-02
 8.512740e-01   6.943800e-02
 8.576387e-01   6.661343e-02
 8.640270e-01   6.388980e-02
 8.704391e-01   6.126411e-02
 8.768748e-01   5.873340e-02
 8.833343e-01   5.629479e-02
 8.898174e-01   5.394546e-02
 8.963243e-01   5.168262e-02
 9.028549e-01   4.950357e-02
 9.094092e-01   4.740566e-02
 9.159871e-01   4.538628e-02
 9.225888e-01   4.344291e-02
 9.292142e-01   4.157307e-02
 9.358633e-01   3.977433e-02
 9.425361e-01   3.804433e-02
 9.492326e-01   3.638076e-02
 9.559528e-01   3.478137e-02
 9.626967e-01   3.324397e-02
 9.694644e-01   3.176641e-02
 9.762557e-01   3.034661e-02
 9.830707e-01   2.898253e-02
 9.899095e-01   2.767219e-02
 9.967719e-01   2.641366e-02
 1.003658e+00   2.520507e-02
 1.010568e+00   2.404458e-02
 1.017501e+00   2.293041e-02
 1.024459e+00   2.186084e-02
 1.031440e+00   2.083418e-02
 1.038444e+00   1.984879e-02
 1.045473e+00   1.890307e-02
 1.052525e+00   1.799549e-02
 1.059601e+00   1.712452e-02
 1.066700e+00   1.628871e-02
