2025-09-28 20:12:25
Calculation of atomic orbitals for a central potential
Solving Schrodinger eq. by variable sptep-size Numerov method
Green-Sellin-Zachor potential
Z	N	H	D	L	E(a.u.)	  r_max(a.u.)	N. points
25	25	3.087	0.866	0	-242.0	  0.1818		300
Normalised radial wavefunction P(r)
 Format r(i), P(i) with r(i)=2.02e-06*i^2
 2.020000e-06   2.393697e-02
 8.080000e-06   2.549604e-02
 1.818000e-05   2.808270e-02
 3.232000e-05   3.169093e-02
 5.050000e-05   3.631573e-02
 7.272000e-05   4.195215e-02
 9.898000e-05   4.859503e-02
 1.292800e-04   5.623890e-02
 1.636200e-04   6.487785e-02
 2.020000e-04   7.450555e-02
 2.444200e-04   8.511517e-02
 2.908800e-04   9.669939e-02
 3.413800e-04   1.092504e-01
 3.959200e-04   1.227599e-01
 4.545000e-04   1.372189e-01
 5.171200e-04   1.526182e-01
 5.837800e-04   1.689479e-01
 6.544800e-04   1.861975e-01
 7.292200e-04   2.043562e-01
 8.080000e-04   2.234125e-01
 8.908200e-04   2.433545e-01
 9.776800e-04   2.641698e-01
 1.068580e-03   2.858455e-01
 1.163520e-03   3.083682e-01
 1.262500e-03   3.317242e-01
 1.365520e-03   3.558990e-01
 1.472580e-03   3.808779e-01
 1.583680e-03   4.066457e-01
 1.698820e-03   4.331867e-01
 1.818000e-03   4.604850e-01
 1.941220e-03   4.885240e-01
 2.068480e-03   5.172869e-01
 2.199780e-03   5.467564e-01
 2.335120e-03   5.769149e-01
 2.474500e-03   6.077444e-01
 2.617920e-03   6.392265e-01
 2.765380e-03   6.713425e-01
 2.916880e-03   7.040735e-01
 3.072420e-03   7.374002e-01
 3.232000e-03   7.713029e-01
 3.395620e-03   8.057617e-01
 3.563280e-03   8.407565e-01
 3.734980e-03   8.762669e-01
 3.910720e-03   9.122721e-01
 4.090500e-03   9.487514e-01
 4.274320e-03   9.856836e-01
 4.462180e-03   1.023047e+00
 4.654080e-03   1.060821e+00
 4.850020e-03   1.098984e+00
 5.050000e-03   1.137513e+00
 5.254020e-03   1.176387e+00
 5.462080e-03   1.215584e+00
 5.674180e-03   1.255082e+00
 5.890320e-03   1.294858e+00
 6.110500e-03   1.334890e+00
 6.334720e-03   1.375156e+00
 6.562980e-03   1.415633e+00
 6.795280e-03   1.456299e+00
 7.031620e-03   1.497131e+00
 7.272000e-03   1.538108e+00
 7.516420e-03   1.579205e+00
 7.764880e-03   1.620402e+00
 8.017380e-03   1.661676e+00
 8.273920e-03   1.703004e+00
 8.534500e-03   1.744364e+00
 8.799120e-03   1.785734e+00
 9.067780e-03   1.827092e+00
 9.340480e-03   1.868417e+00
 9.617220e-03   1.909685e+00
 9.898000e-03   1.950876e+00
 1.018282e-02   1.991968e+00
 1.047168e-02   2.032940e+00
 1.076458e-02   2.073771e+00
 1.106152e-02   2.114439e+00
 1.136250e-02   2.154924e+00
 1.166752e-02   2.195205e+00
 1.197658e-02   2.235263e+00
 1.228968e-02   2.275077e+00
 1.260682e-02   2.314627e+00
 1.292800e-02   2.353894e+00
 1.325322e-02   2.392858e+00
 1.358248e-02   2.431501e+00
 1.391578e-02   2.469804e+00
 1.425312e-02   2.507749e+00
 1.459450e-02   2.545317e+00
 1.493992e-02   2.582491e+00
 1.528938e-02   2.619254e+00
 1.564288e-02   2.655588e+00
 1.600042e-02   2.691477e+00
 1.636200e-02   2.726904e+00
 1.672762e-02   2.761855e+00
 1.709728e-02   2.796312e+00
 1.747098e-02   2.830261e+00
 1.784872e-02   2.863688e+00
 1.823050e-02   2.896578e+00
 1.861632e-02   2.928916e+00
 1.900618e-02   2.960690e+00
 1.940008e-02   2.991886e+00
 1.979802e-02   3.022491e+00
 2.020000e-02   3.052493e+00
 2.060602e-02   3.081881e+00
 2.101608e-02   3.110643e+00
 2.143018e-02   3.138768e+00
 2.184832e-02   3.166245e+00
 2.227050e-02   3.193064e+00
 2.269672e-02   3.219216e+00
 2.312698e-02   3.244691e+00
 2.356128e-02   3.269481e+00
 2.399962e-02   3.293577e+00
 2.444200e-02   3.316971e+00
 2.488842e-02   3.339657e+00
 2.533888e-02   3.361626e+00
 2.579338e-02   3.382873e+00
 2.625192e-02   3.403391e+00
 2.671450e-02   3.423175e+00
 2.718112e-02   3.442220e+00
 2.765178e-02   3.460520e+00
 2.812648e-02   3.478072e+00
 2.860522e-02   3.494872e+00
 2.908800e-02   3.510916e+00
 2.957482e-02   3.526202e+00
 3.006568e-02   3.540727e+00
 3.056058e-02   3.554488e+00
 3.105952e-02   3.567485e+00
 3.156250e-02   3.579716e+00
 3.206952e-02   3.591179e+00
 3.258058e-02   3.601876e+00
 3.309568e-02   3.611806e+00
 3.361482e-02   3.620969e+00
 3.413800e-02   3.629365e+00
 3.466522e-02   3.636998e+00
 3.519648e-02   3.643867e+00
 3.573178e-02   3.649976e+00
 3.627112e-02   3.655325e+00
 3.681450e-02   3.659919e+00
 3.736192e-02   3.663761e+00
 3.791338e-02   3.666853e+00
 3.846888e-02   3.669200e+00
 3.902842e-02   3.670807e+00
 3.959200e-02   3.671676e+00
 4.015962e-02   3.671814e+00
 4.073128e-02   3.671226e+00
 4.130698e-02   3.669917e+00
 4.188672e-02   3.667893e+00
 4.247050e-02   3.665161e+00
 4.305832e-02   3.661726e+00
 4.365018e-02   3.657595e+00
 4.424608e-02   3.652776e+00
 4.484602e-02   3.647276e+00
 4.545000e-02   3.641102e+00
 4.605802e-02   3.634263e+00
 4.667008e-02   3.626765e+00
 4.728618e-02   3.618619e+00
 4.790632e-02   3.609831e+00
 4.853050e-02   3.600412e+00
 4.915872e-02   3.590369e+00
 4.979098e-02   3.579712e+00
 5.042728e-02   3.568451e+00
 5.106762e-02   3.556595e+00
 5.171200e-02   3.544154e+00
 5.236042e-02   3.531138e+00
 5.301288e-02   3.517556e+00
 5.366938e-02   3.503420e+00
 5.432992e-02   3.488739e+00
 5.499450e-02   3.473524e+00
 5.566312e-02   3.457785e+00
 5.633578e-02   3.441535e+00
 5.701248e-02   3.424783e+00
 5.769322e-02   3.407540e+00
 5.837800e-02   3.389817e+00
 5.906682e-02   3.371626e+00
 5.975968e-02   3.352979e+00
 6.045658e-02   3.333885e+00
 6.115752e-02   3.314357e+00
 6.186250e-02   3.294406e+00
 6.257152e-02   3.274044e+00
 6.328458e-02   3.253282e+00
 6.400168e-02   3.232131e+00
 6.472282e-02   3.210604e+00
 6.544800e-02   3.188712e+00
 6.617722e-02   3.166467e+00
 6.691048e-02   3.143879e+00
 6.764778e-02   3.120961e+00
 6.838912e-02   3.097725e+00
 6.913450e-02   3.074182e+00
 6.988392e-02   3.050343e+00
 7.063738e-02   3.026220e+00
 7.139488e-02   3.001825e+00
 7.215642e-02   2.977169e+00
 7.292200e-02   2.952263e+00
 7.369162e-02   2.927119e+00
 7.446528e-02   2.901748e+00
 7.524298e-02   2.876162e+00
 7.602472e-02   2.850370e+00
 7.681050e-02   2.824386e+00
 7.760032e-02   2.798218e+00
 7.839418e-02   2.771879e+00
 7.919208e-02   2.745379e+00
 7.999402e-02   2.718729e+00
 8.080000e-02   2.691939e+00
 8.161002e-02   2.665020e+00
 8.242408e-02   2.637983e+00
 8.324218e-02   2.610836e+00
 8.406432e-02   2.583592e+00
 8.489050e-02   2.556259e+00
 8.572072e-02   2.528848e+00
 8.655498e-02   2.501368e+00
 8.739328e-02   2.473829e+00
 8.823562e-02   2.446240e+00
 8.908200e-02   2.418611e+00
 8.993242e-02   2.390951e+00
 9.078688e-02   2.363269e+00
 9.164538e-02   2.335573e+00
 9.250792e-02   2.307873e+00
 9.337450e-02   2.280178e+00
 9.424512e-02   2.252495e+00
 9.511978e-02   2.224833e+00
 9.599848e-02   2.197200e+00
 9.688122e-02   2.169604e+00
 9.776800e-02   2.142052e+00
 9.865882e-02   2.114553e+00
 9.955368e-02   2.087114e+00
 1.004526e-01   2.059742e+00
 1.013555e-01   2.032444e+00
 1.022625e-01   2.005228e+00
 1.031735e-01   1.978099e+00
 1.040886e-01   1.951065e+00
 1.050077e-01   1.924133e+00
 1.059308e-01   1.897307e+00
 1.068580e-01   1.870595e+00
 1.077892e-01   1.844002e+00
 1.087245e-01   1.817535e+00
 1.096638e-01   1.791198e+00
 1.106071e-01   1.764997e+00
 1.115545e-01   1.738938e+00
 1.125059e-01   1.713025e+00
 1.134614e-01   1.687263e+00
 1.144209e-01   1.661657e+00
 1.153844e-01   1.636213e+00
 1.163520e-01   1.610933e+00
 1.173236e-01   1.585822e+00
 1.182993e-01   1.560885e+00
 1.192790e-01   1.536125e+00
 1.202627e-01   1.511546e+00
 1.212505e-01   1.487152e+00
 1.222423e-01   1.462945e+00
 1.232382e-01   1.438930e+00
 1.242381e-01   1.415109e+00
 1.252420e-01   1.391485e+00
 1.262500e-01   1.368061e+00
 1.272620e-01   1.344840e+00
 1.282781e-01   1.321824e+00
 1.292982e-01   1.299015e+00
 1.303223e-01   1.276416e+00
 1.313505e-01   1.254028e+00
 1.323827e-01   1.231854e+00
 1.334190e-01   1.209895e+00
 1.344593e-01   1.188153e+00
 1.355036e-01   1.166630e+00
 1.365520e-01   1.145325e+00
 1.376044e-01   1.124242e+00
 1.386609e-01   1.103380e+00
 1.397214e-01   1.082741e+00
 1.407859e-01   1.062325e+00
 1.418545e-01   1.042134e+00
 1.429271e-01   1.022167e+00
 1.440038e-01   1.002425e+00
 1.450845e-01   9.829088e-01
 1.461692e-01   9.636179e-01
 1.472580e-01   9.445525e-01
 1.483508e-01   9.257126e-01
 1.494477e-01   9.070980e-01
 1.505486e-01   8.887083e-01
 1.516535e-01   8.705433e-01
 1.527625e-01   8.526024e-01
 1.538755e-01   8.348850e-01
 1.549926e-01   8.173903e-01
 1.561137e-01   8.001176e-01
 1.572388e-01   7.830659e-01
 1.583680e-01   7.662343e-01
 1.595012e-01   7.496216e-01
 1.606385e-01   7.332267e-01
 1.617798e-01   7.170482e-01
 1.629251e-01   7.010848e-01
 1.640745e-01   6.853350e-01
 1.652279e-01   6.697974e-01
 1.663854e-01   6.544702e-01
 1.675469e-01   6.393517e-01
 1.687124e-01   6.244403e-01
 1.698820e-01   6.097339e-01
 1.710556e-01   5.952307e-01
 1.722333e-01   5.809287e-01
 1.734150e-01   5.668258e-01
 1.746007e-01   5.529198e-01
 1.757905e-01   5.392086e-01
 1.769843e-01   5.256897e-01
 1.781822e-01   5.123609e-01
 1.793841e-01   4.992198e-01
 1.805900e-01   4.862638e-01
 1.818000e-01   4.734904e-01
